1	13.9869	15.6667	20.7407
2	17.2549	16	22.963
3	19.2157	17.3333	22.963
4	23.1373	21	22.2222
5	25.2288	22.6667	26.6667
6	26.5359	23.6667	30.3704
7	28.8889	25	30.3704
8	31.1111	27.3333	31.1111
9	33.0719	28.6667	31.8519
10	35.0327	30.6667	33.3333
11	37.2549	31.3333	33.3333
12	38.9542	32.3333	35.5556
13	40.6536	34.3333	37.037
14	41.6993	36.6667	38.5185
15	43.5294	37.6667	42.2222
16	45.4902	39	42.963
17	47.3203	40	44.4444
18	48.8889	41.6667	45.1852
19	50.0654	41.6667	47.4074
20	51.2418	43	48.1481
21	51.634	44.6667	48.8889
22	52.8105	44.6667	49.6296
23	53.4641	44.3333	50.3704
24	54.2484	45.6667	51.1111
25	54.902	46.6667	51.1111
26	55.9477	46.6667	51.1111
27	56.3399	47	52.5926
28	57.6471	47.6667	52.5926
29	58.1699	49.3333	53.3333
30	58.9542	50.3333	55.5556
31	59.8693	51.6667	57.037
32	60.915	52.6667	57.037
33	61.8301	52.6667	57.7778
34	62.3529	53.6667	57.7778
35	63.1373	53.6667	58.5185
36	63.7908	54.3333	58.5185
37	64.5752	55	58.5185
38	65.6209	55.3333	60
39	66.2745	56.6667	60
40	66.5359	57.6667	60.7407
41	67.1895	57.6667	60.7407
42	67.451	57.6667	60.7407
43	67.8431	58	60.7407
44	68.2353	59.3333	60.7407
45	68.7582	59.3333	60.7407
46	68.8889	59.6667	60.7407
47	69.1503	59.6667	60.7407
48	69.1503	59.6667	60.7407
49	69.6732	59.6667	60.7407
50	70.1961	60	60.7407
51	70.719	60.6667	60.7407
52	71.5033	61	61.4815
53	71.7647	61	61.4815
54	71.8954	61	62.963
55	72.4183	61.3333	63.7037
56	72.8105	61.6667	63.7037
57	73.0719	62	63.7037
58	73.5948	62	63.7037
59	73.8562	62.6667	63.7037
60	73.9869	63.3333	64.4444
61	74.1176	63	65.1852
62	74.2484	63.3333	65.1852
63	74.3791	63.3333	65.1852
64	74.902	64	65.1852
65	75.0327	64	65.1852
66	75.2941	63.6667	65.9259
67	75.5556	63.6667	65.9259
68	75.6863	64.3333	65.9259
69	76.3399	64.3333	65.9259
70	76.4706	64.3333	65.9259
71	76.732	64.3333	65.9259
72	76.732	65.3333	66.6667
73	77.1242	65.3333	66.6667
74	77.2549	65.6667	66.6667
75	77.1242	65.6667	66.6667
76	77.1242	65.6667	66.6667
77	77.2549	66	66.6667
78	77.2549	66	66.6667
79	77.2549	66.3333	66.6667
80	77.3856	66.6667	66.6667
81	77.6471	67.3333	66.6667
82	77.7778	67.3333	66.6667
83	77.7778	67.3333	66.6667
84	77.9085	67.3333	66.6667
85	77.9085	67.3333	67.4074
86	77.9085	68	67.4074
87	77.9085	68.3333	67.4074
88	78.3007	68.3333	67.4074
89	78.4314	68.3333	68.1481
90	78.6928	68.6667	68.1481
91	78.6928	68.6667	68.1481
92	78.6928	68.6667	68.1481
93	78.9542	68.6667	68.1481
94	79.2157	68.6667	68.1481
95	79.4771	68.6667	68.1481
96	79.4771	68.6667	68.1481
97	79.4771	68.6667	68.1481
98	79.7386	69.3333	68.1481
99	80.3922	69.3333	68.1481
100	80.6536	69.3333	68.1481
101	80.6536	69.6667	68.1481
102	80.6536	69.6667	68.1481
103	80.7843	69.6667	68.1481
104	80.915	70	68.1481
105	81.0458	70	68.1481
106	81.0458	70	67.4074
107	81.0458	70	67.4074
108	81.0458	70	67.4074
109	81.3072	70	67.4074
110	81.4379	70.3333	67.4074
111	81.8301	70.3333	67.4074
112	82.0915	70.3333	68.8889
113	82.3529	70.3333	68.8889
114	82.4837	70.3333	68.8889
115	82.6144	70.6667	68.8889
116	82.6144	70.6667	68.8889
117	82.7451	70.6667	68.8889
118	82.7451	70.6667	68.8889
119	82.8758	71	68.8889
120	83.0065	71.3333	68.8889
121	83.1373	71.3333	68.8889
122	83.5294	71.3333	69.6296
123	83.7908	71.3333	69.6296
124	83.7908	71.3333	69.6296
125	83.7908	71.6667	69.6296
126	83.9216	71.6667	69.6296
127	84.183	71.6667	69.6296
128	84.3137	71.6667	69.6296
129	84.3137	71.6667	69.6296
130	84.3137	71.6667	69.6296
131	84.4444	71.6667	69.6296
132	84.7059	71.6667	69.6296
133	84.7059	71.6667	69.6296
134	84.7059	71.6667	69.6296
135	84.7059	71.6667	69.6296
136	84.8366	71.6667	69.6296
137	84.7059	71.6667	69.6296
138	84.7059	71.6667	69.6296
139	84.9673	71.6667	68.8889
140	85.2288	71.6667	68.8889
141	85.3595	71.6667	68.8889
142	85.4902	72	68.8889
143	85.6209	72	68.8889
144	85.6209	72	68.1481
145	85.6209	72	68.1481
146	85.8824	72	68.1481
147	85.8824	72	68.1481
148	86.0131	72	68.1481
149	86.0131	72	68.1481
150	86.0131	71.6667	68.1481
151	86.0131	71.6667	68.1481
152	86.1438	71.6667	68.1481
153	86.1438	71.6667	68.8889
154	86.1438	71.6667	68.8889
155	86.4052	71.6667	68.8889
156	86.4052	71.6667	68.8889
157	86.5359	71.6667	68.8889
158	86.6667	72	68.8889
159	86.9281	72	68.8889
160	87.3203	72	68.8889
161	87.5817	72.3333	68.8889
162	87.5817	72.3333	68.8889
163	87.7124	72.3333	68.8889
164	87.7124	72.3333	68.8889
165	87.7124	72.6667	69.6296
166	87.8431	72.6667	69.6296
167	87.9739	72.6667	69.6296
168	87.9739	72.6667	69.6296
169	87.9739	72.6667	69.6296
170	88.1046	72.6667	69.6296
171	88.1046	72.6667	69.6296
172	88.1046	72.6667	69.6296
173	88.2353	72.6667	69.6296
174	88.366	72.6667	69.6296
175	88.366	72.6667	69.6296
176	88.4967	73	69.6296
177	88.6275	73	69.6296
178	88.6275	73	70.3704
179	88.6275	73	70.3704
180	88.6275	73	70.3704
181	88.8889	73	70.3704
182	89.0196	73.3333	70.3704
183	89.1503	73.3333	70.3704
184	89.1503	73.3333	70.3704
185	89.1503	73.3333	70.3704
186	89.281	73.3333	70.3704
187	89.5425	73.3333	70.3704
188	89.6732	73.3333	70.3704
189	89.8039	73.3333	70.3704
190	89.9346	73.3333	70.3704
191	90.1961	73.3333	70.3704
192	90.3268	73.6667	70.3704
193	90.3268	73.6667	71.1111
194	90.3268	73.6667	71.1111
195	90.3268	73.6667	71.1111
196	90.5882	73.6667	71.1111
197	90.5882	73.6667	71.1111
198	90.5882	73.6667	71.1111
199	90.719	73.6667	71.1111
200	91.1111	73.6667	71.1111
201	91.1111	73.6667	71.1111
202	91.1111	73.6667	71.1111
203	91.1111	73.6667	71.1111
204	91.1111	74	71.1111
205	91.1111	74	71.8519
206	91.1111	74.3333	71.8519
207	91.1111	74.3333	72.5926
208	91.1111	74.3333	72.5926
209	91.1111	74.3333	72.5926
210	91.2418	74.3333	72.5926
211	91.2418	74.3333	72.5926
212	91.2418	74.3333	72.5926
213	91.2418	74.3333	72.5926
214	91.2418	74.3333	72.5926
215	91.2418	74.3333	73.3333
216	91.3725	74.3333	73.3333
217	91.3725	74.3333	73.3333
218	91.3725	74.3333	73.3333
219	91.3725	74.3333	73.3333
220	91.3725	74.3333	73.3333
221	91.3725	74.3333	73.3333
222	91.3725	74.3333	73.3333
223	91.5033	74.3333	73.3333
224	91.634	74.3333	73.3333
225	91.634	74	73.3333
226	91.634	74	73.3333
227	91.634	74	73.3333
228	91.634	74	73.3333
229	91.634	74.3333	73.3333
230	91.634	74.3333	73.3333
231	91.634	74.3333	73.3333
232	91.634	74.3333	74.0741
233	91.634	74.3333	74.0741
234	91.634	74.3333	74.0741
235	91.634	74.6667	74.0741
236	91.634	74.6667	74.0741
237	91.634	74.6667	74.0741
238	91.7647	74.6667	74.0741
239	91.7647	74.6667	74.0741
240	91.7647	74.6667	74.0741
241	91.8954	74.6667	74.0741
242	91.8954	74.6667	74.0741
243	92.0261	74.6667	74.0741
244	92.0261	74.6667	74.0741
245	92.2876	74.6667	74.0741
246	92.2876	74.6667	74.0741
247	92.2876	74.6667	74.0741
248	92.2876	74.6667	74.0741
249	92.2876	74.6667	74.0741
250	92.2876	74.6667	74.0741
251	92.4183	74.6667	74.0741
252	92.549	74.6667	74.0741
253	92.549	75	74.0741
254	92.549	75	74.0741
255	92.549	75	74.0741
256	92.6797	75	74.0741
257	92.8105	75	74.0741
258	92.8105	75	74.0741
259	92.8105	75	74.0741
260	92.9412	75	74.0741
261	92.9412	75	74.0741
262	92.9412	75	74.0741
263	92.9412	75	74.0741
264	92.9412	75	74.0741
265	92.9412	75	74.0741
266	93.0719	75.3333	74.0741
267	93.0719	75.3333	74.0741
268	93.2026	75.3333	74.0741
269	93.2026	75.3333	74.0741
270	93.2026	75.3333	74.0741
271	93.2026	75.3333	74.0741
272	93.2026	75.3333	74.0741
273	93.2026	75.3333	74.0741
274	93.2026	75.3333	74.0741
275	93.4641	75.3333	74.0741
276	93.4641	75.3333	74.0741
277	93.5948	75.3333	74.0741
278	93.5948	75.3333	74.0741
279	93.5948	75.3333	74.0741
280	93.5948	75.3333	74.0741
281	93.5948	75.3333	74.8148
282	93.5948	75.3333	74.8148
283	93.5948	75.3333	74.8148
284	93.5948	75.3333	74.8148
285	93.5948	75.3333	74.8148
286	93.5948	75.3333	74.8148
287	93.5948	75.3333	74.8148
288	93.5948	75.3333	74.8148
289	93.8562	75.3333	74.8148
290	93.8562	75.3333	74.8148
291	93.9869	75.3333	74.8148
292	93.9869	75.3333	74.8148
293	93.9869	75.3333	74.8148
294	93.9869	75.3333	74.8148
295	93.9869	75.3333	74.8148
296	93.9869	75.3333	74.8148
297	93.9869	75.3333	74.8148
298	93.9869	75.3333	74.8148
299	93.9869	75.3333	74.8148
300	93.9869	75.3333	74.8148
301	93.9869	75.3333	74.8148
302	93.9869	75.3333	74.8148
303	93.9869	75.3333	74.8148
304	94.1176	75.3333	74.8148
305	94.2484	75.3333	74.8148
306	94.2484	75.3333	74.8148
307	94.2484	75.3333	74.8148
308	94.2484	75.6667	74.8148
309	94.2484	75.6667	74.8148
310	94.2484	75.6667	74.8148
311	94.2484	75.6667	74.8148
312	94.3791	75.6667	74.8148
313	94.3791	75.6667	74.8148
314	94.3791	75.6667	74.8148
315	94.5098	75.6667	74.8148
316	94.5098	75.6667	74.8148
317	94.5098	75.6667	74.8148
318	94.5098	75.6667	74.8148
319	94.5098	75.6667	74.8148
320	94.5098	75.3333	74.8148
321	94.5098	75.3333	74.8148
322	94.5098	75.3333	74.8148
323	94.5098	75.3333	74.8148
324	94.5098	75.3333	74.8148
325	94.5098	75.3333	74.8148
326	94.5098	75.3333	74.8148
327	94.5098	75.3333	74.8148
328	94.5098	75.3333	74.8148
329	94.5098	75.3333	74.8148
330	94.5098	75.3333	74.8148
331	94.5098	75.6667	74.8148
332	94.5098	75.6667	74.8148
333	94.5098	75.6667	74.8148
334	94.6405	75.6667	74.8148
335	94.6405	75.6667	74.8148
336	94.6405	75.6667	74.8148
337	94.6405	75.6667	74.8148
338	94.7712	75.6667	74.8148
339	94.7712	75.6667	74.8148
340	94.7712	75.3333	74.8148
341	94.7712	75.3333	74.8148
342	94.902	75.3333	74.8148
343	94.902	75.3333	74.8148
344	95.0327	75.3333	74.8148
345	95.0327	75.3333	74.8148
346	95.0327	75.3333	74.8148
347	95.0327	75.3333	74.8148
348	95.0327	75.3333	74.8148
349	95.0327	75.3333	74.8148
350	95.0327	75.3333	74.8148
351	95.0327	75.3333	74.8148
352	95.0327	75.3333	74.8148
353	95.0327	75.3333	74.8148
354	95.0327	75.3333	74.8148
355	95.1634	75.3333	74.8148
356	95.1634	75.3333	74.8148
357	95.1634	75.3333	74.8148
358	95.1634	75.3333	74.8148
359	95.1634	75.3333	74.8148
360	95.1634	75.3333	74.8148
361	95.1634	75.3333	74.8148
362	95.1634	75.3333	74.8148
363	95.1634	75.3333	74.8148
364	95.1634	75.3333	74.8148
365	95.1634	75.3333	74.8148
366	95.4248	75.3333	74.8148
367	95.4248	75.3333	74.8148
368	95.4248	75	74.8148
369	95.4248	75	74.8148
370	95.4248	75.3333	74.8148
371	95.4248	75.3333	74.8148
372	95.4248	75.3333	75.5556
373	95.4248	75.3333	75.5556
374	95.4248	75.3333	75.5556
375	95.4248	75.6667	75.5556
376	95.4248	75.6667	75.5556
377	95.4248	75.6667	75.5556
378	95.4248	75.6667	75.5556
379	95.5556	75.6667	75.5556
380	95.6863	75.6667	75.5556
381	95.6863	75.6667	75.5556
382	95.6863	75.6667	75.5556
383	95.6863	75.6667	75.5556
384	95.817	75.6667	75.5556
385	95.9477	75.6667	75.5556
386	95.9477	75.6667	75.5556
387	95.9477	75.6667	75.5556
388	95.9477	75.6667	75.5556
389	95.9477	75.6667	75.5556
390	95.9477	75.6667	75.5556
391	96.0784	75.6667	75.5556
392	96.0784	75.6667	75.5556
393	96.0784	75.6667	75.5556
394	96.0784	75.6667	75.5556
395	96.2092	75.6667	75.5556
396	96.3399	75.6667	75.5556
397	96.4706	76	75.5556
398	96.6013	76	75.5556
399	96.6013	76	75.5556
400	96.6013	76	75.5556
401	96.6013	76	75.5556
402	96.6013	76	75.5556
403	96.6013	76	75.5556
404	96.6013	76	75.5556
405	96.6013	76	75.5556
406	96.6013	76	75.5556
407	96.6013	76	75.5556
408	96.6013	76	75.5556
409	96.6013	76	75.5556
410	96.6013	76	75.5556
411	96.6013	76	75.5556
412	96.6013	76	75.5556
413	96.6013	76	76.2963
414	96.6013	76	76.2963
415	96.732	76	76.2963
416	96.732	76	76.2963
417	96.732	76	76.2963
418	96.8627	76	76.2963
419	96.8627	76	76.2963
420	96.8627	76	76.2963
421	96.8627	76	76.2963
422	96.8627	76	76.2963
423	96.9935	76	76.2963
424	96.9935	76	76.2963
425	96.9935	76	76.2963
426	96.9935	76	76.2963
427	96.9935	76	76.2963
428	96.9935	76	76.2963
429	97.1242	76	76.2963
430	97.1242	76	76.2963
431	97.1242	76	76.2963
432	97.1242	76	76.2963
433	97.1242	76	76.2963
434	97.1242	76	76.2963
435	97.1242	76	76.2963
436	97.1242	76	76.2963
437	97.1242	76	76.2963
438	97.1242	76	76.2963
439	97.1242	76	76.2963
440	97.2549	76	76.2963
441	97.2549	76.3333	76.2963
442	97.2549	76.3333	76.2963
443	97.2549	76.3333	76.2963
444	97.2549	76.3333	76.2963
445	97.2549	76.3333	76.2963
446	97.2549	76.3333	76.2963
447	97.2549	76.3333	76.2963
448	97.2549	76.3333	76.2963
449	97.3856	76.3333	76.2963
450	97.3856	76.3333	76.2963
451	97.3856	76.3333	76.2963
452	97.3856	76.3333	76.2963
453	97.3856	76.3333	76.2963
454	97.3856	76.3333	76.2963
455	97.3856	76.3333	76.2963
456	97.3856	76.3333	76.2963
457	97.3856	76.3333	76.2963
458	97.3856	76.3333	76.2963
459	97.3856	76.3333	76.2963
460	97.3856	76.3333	76.2963
461	97.5163	76.3333	76.2963
462	97.5163	76.3333	76.2963
463	97.5163	76.3333	76.2963
464	97.5163	76.3333	76.2963
465	97.5163	76.3333	76.2963
466	97.5163	76.3333	76.2963
467	97.5163	76.3333	76.2963
468	97.6471	76.3333	76.2963
469	97.6471	76.3333	76.2963
470	97.7778	76.3333	76.2963
471	97.7778	76.3333	76.2963
472	97.7778	76.3333	76.2963
473	97.7778	76.3333	76.2963
474	97.7778	76.3333	76.2963
475	97.7778	76.3333	76.2963
476	97.7778	76.3333	76.2963
477	97.7778	76.3333	76.2963
478	97.7778	76.3333	76.2963
479	97.7778	76.3333	76.2963
480	97.7778	76.6667	76.2963
481	97.7778	76.6667	76.2963
482	97.7778	76.6667	76.2963
483	97.7778	76.6667	76.2963
484	97.7778	76.6667	76.2963
485	97.7778	76.6667	76.2963
486	97.7778	76.6667	76.2963
487	97.7778	76.6667	76.2963
488	97.7778	76.6667	76.2963
489	97.7778	76.6667	76.2963
490	97.7778	76.6667	77.037
491	97.7778	76.6667	77.037
492	97.7778	76.6667	77.037
493	97.7778	76.6667	77.037
494	97.7778	76.6667	77.037
495	97.7778	76.6667	77.037
496	97.9085	76.6667	77.037
497	97.9085	76.6667	77.037
498	97.9085	76.6667	77.037
499	97.9085	76.6667	77.037
500	97.9085	76.6667	77.037
