1 0.26 -0.125477
2 0.19 -0.0935499
3 0.22 -0.0574759
4 0.24 -0.017255
5 0.28 0.0271127
6 0.31 0.0756272
7 0.37 0.128289
8 0.42 0.185097
9 0.48 0.246052
10 0.55 0.311154
11 0.61 0.380402
12 0.68 0.453798
13 0.88 0.53134
14 1 0.613029
15 1 0.698865
16 1.2 0.788848
17 1.28 0.882977
18 1.41 0.981253
19 1.5 1.08368
20 1.61 1.19025
21 1.75 1.30096
22 1.85 1.41583
23 2.17 1.53484
24 2.08 1.65799
25 2.22 1.7853
26 2.35 1.91675
27 2.53 2.05235
28 2.66 2.19209
29 2.77 2.33598
30 2.94 2.48402
31 3.1 2.63621
32 3.27 2.79254
33 3.42 2.95302
34 3.56 3.11764
35 3.71 3.28642
36 3.88 3.45933
37 4.02 3.6364
38 4.2 3.81761
39 4.37 4.00297
40 4.55 4.19248
41 4.74 4.38613
42 4.92 4.58393
43 5.1 4.78588
44 5.48 4.99197
45 5.53 5.20221
46 5.74 5.4166
47 5.92 5.63513
48 6.17 5.85782
49 6.38 6.08464
50 6.6 6.31562
51 6.9 6.55074
52 7.05 6.79001
53 7.28 7.03342
54 7.51 7.28098
55 7.78 7.53269
56 8.02 7.78855
57 8.26 8.04855
58 8.55 8.3127
59 8.79 8.581
60 9.08 8.85344
61 9.32 9.13003
62 9.61 9.41076
63 9.88 9.69565
64 10.96 9.98468
65 10.43 10.2779
66 10.74 10.5752
67 11.02 10.8766
68 11.38 11.1823
69 11.56 11.492
70 11.9 11.8059
71 12.22 12.124
72 12.51 12.4462
73 12.84 12.7726
74 13.15 13.1031
75 13.51 13.4377
76 13.74 13.7765
77 14.19 14.1194
78 14.49 14.4665
79 15 14.8177
80 15.2 15.1731
81 15.54 15.5327
82 15.88 15.8963
83 16.27 16.2641
84 16.63 16.6361
85 17.02 17.0122
86 17.55 17.3925
87 17.75 17.7769
88 18.11 18.1654
89 18.53 18.5581
90 18.9 18.955
91 19.29 19.356
92 19.7 19.7611
93 20.16 20.1704
94 20.51 20.5839
95 20.93 21.0014
96 21.32 21.4232
97 21.72 21.849
98 22.17 22.2791
99 22.63 22.7132
100 23.06 23.1515
101 23.44 23.594
102 23.91 24.0406
103 24.48 24.4914
104 24.78 24.9463
105 25.24 25.4053
106 25.7 25.8685
107 26.15 26.3359
108 26.61 26.8074
109 27.09 27.283
110 27.57 27.7628
111 28 28.2467
112 28.52 28.7348
113 29.04 29.227
114 29.53 29.7234
115 30.02 30.2239
116 30.69 30.7286
117 31.04 31.2374
118 31.53 31.7503
119 32.03 32.2674
120 32.97 32.7887
121 33.09 33.3141
122 33.62 33.8436
123 34.14 34.3773
124 35.1 34.9152
125 35.54 35.4571
126 36.07 36.0033
127 36.29 36.5536
128 36.99 37.108
129 37.56 37.6666
130 38.16 38.2293
131 38.62 38.7961
132 39.05 39.3672
133 39.62 39.9423
134 40.17 40.5216
135 40.78 41.1051
136 41.4 41.6927
137 42.13 42.2844
138 42.56 42.8803
139 43.13 43.4804
140 43.72 44.0846
141 44.3 44.6929
142 45 45.3054
143 45.54 45.922
144 46.16 46.5428
145 46.91 47.1677
146 47.4 47.7968
147 48.04 48.43
148 48.66 49.0673
149 49.48 49.7089
150 49.93 50.3545
151 50.59 51.0043
152 51.24 51.6583
153 52.68 52.3164
154 53.09 52.9786
155 53.26 53.645
156 53.86 54.3155
157 54.62 54.9902
158 55.27 55.6691
159 55.97 56.352
160 56.59 57.0392
161 57.27 57.7304
162 57.98 58.4258
163 58.65 59.1254
164 59.46 59.8291
165 60.1 60.537
166 60.83 61.249
167 61.49 61.9651
168 62.12 62.6854
169 62.96 63.4099
170 63.67 64.1385
171 64.38 64.8712
172 65.1 65.6081
173 65.83 66.3491
174 66.99 67.0943
175 67.32 67.8436
176 68.09 68.5971
177 69.4 69.3547
178 69.6 70.1165
179 70.36 70.8824
180 71.12 71.6525
181 71.73 72.4267
182 72.69 73.205
183 73.44 73.9875
184 74.21 74.7742
185 75.04 75.565
186 75.77 76.3599
187 76.64 77.159
188 77.47 77.9623
189 78.2 78.7696
190 79 79.5812
191 79.82 80.3968
192 80.97 81.2167
193 81.47 82.0406
194 82.29 82.8688
195 83.09 83.701
196 83.95 84.5374
197 84.79 85.378
198 85.62 86.2227
199 86.43 87.0715
200 87.27 87.9245
201 88.23 88.7817
202 88.99 89.643
203 89.89 90.5084
204 90.69 91.378
205 91.6 92.2517
206 92.85 93.1296
207 93.31 94.0116
208 94.17 94.8978
209 95.14 95.7881
210 96.08 96.6826
211 96.69 97.5812
212 97.79 98.484
213 98.72 99.3909
214 99.63 100.302
215 100.5 101.217
216 101.41 102.136
217 102.34 103.06
218 103.31 103.988
219 104.71 104.919
220 105.11 105.855
221 106.08 106.795
222 107.01 107.74
223 107.92 108.688
224 108.71 109.641
225 109.86 110.597
226 110.82 111.558
227 111.78 112.523
228 112.74 113.492
229 113.7 114.465
230 114.74 115.443
231 116.06 116.424
232 116.64 117.41
233 117.61 118.4
234 118.65 119.394
235 119.62 120.392
236 120.62 121.394
237 121.58 122.401
238 122.62 123.411
239 123.61 124.426
240 124.65 125.445
241 125.61 126.468
242 127.05 127.495
243 127.73 128.526
244 128.77 129.562
245 129.76 130.601
246 130.83 131.645
247 131.87 132.693
248 132.98 133.745
249 133.94 134.801
250 135.03 135.862
251 136.52 136.926
252 137.71 137.995
253 138.24 139.068
254 139.29 140.144
255 140.38 141.226
256 141.46 142.311
257 142.47 143.4
258 143.66 144.494
259 144.7 145.591
260 146.36 146.693
261 147.14 147.799
262 148.04 148.909
263 149.15 150.023
264 150.24 151.142
265 151.39 152.264
266 152.52 153.391
267 153.59 154.522
268 154.79 155.657
269 156.15 156.796
270 157.03 157.939
271 158.17 159.087
272 159.37 160.238
273 160.49 161.394
274 161.64 162.554
275 167.73 163.718
276 164.03 164.886
277 165.59 166.058
278 166.38 167.235
279 167.5 168.415
280 168.7 169.6
281 169.77 170.789
282 171 171.982
283 172.18 173.179
284 173.77 174.38
285 174.7 175.586
286 175.77 176.796
287 177.01 178.009
288 178.38 179.227
289 179.51 180.449
290 180.75 181.676
291 182.4 182.906
292 183.83 184.14
293 184.42 185.379
294 185.64 186.622
295 186.89 187.869
296 188.17 189.12
297 189.38 190.375
298 191.02 191.635
299 191.96 192.898
300 193.18 194.166
301 194.4 195.438
302 195.74 196.714
303 196.96 197.994
304 198.27 199.278
305 199.98 200.566
306 200.98 201.859
307 202.17 203.156
308 203.37 204.456
309 204.8 205.761
310 206.08 207.071
311 207.74 208.384
312 208.69 209.701
313 210.05 211.023
314 211.29 212.349
315 212.69 213.679
316 213.98 215.013
317 215.8 216.351
318 216.61 217.693
319 218.02 219.04
320 219.35 220.39
321 220.77 221.745
322 222.06 223.104
323 223.8 224.467
324 224.88 225.834
325 226.34 227.205
326 227.56 228.581
327 229.36 229.961
328 231.99 231.344
329 233.63 232.732
330 234.83 234.124
331 234.51 235.521
332 235.86 236.921
333 253.76 238.326
334 279.44 239.734
335 295.19 241.147
336 321.01 242.564
337 250.43 243.985
338 244.41 245.41
339 245.71 246.84
340 247.22 248.273
341 248.55 249.711
342 250.44 251.153
343 251.48 252.599
344 252.9 254.049
345 254.42 255.503
346 256.33 256.962
347 257.53 258.424
348 258.72 259.891
349 260.27 261.362
350 261.74 262.837
351 263.23 264.316
352 264.91 265.799
353 266.37 267.287
354 267.72 268.778
355 270.43 270.274
356 270.86 271.774
357 272.25 273.278
358 273.81 274.786
359 275.28 276.299
360 277.21 277.815
361 278.29 279.336
362 279.83 280.861
363 281.35 282.39
364 282.89 283.923
365 284.81 285.46
366 285.93 287.001
367 288.37 288.547
368 288.96 290.096
369 290.97 291.65
370 292.18 293.208
371 293.94 294.77
372 296.04 296.336
373 297.27 297.907
374 298.39 299.481
375 299.99 301.06
376 301.61 302.643
377 303.21 304.23
378 305.09 305.821
379 306.33 307.416
380 307.89 309.016
381 310.05 310.619
382 311.4 312.227
383 312.69 313.839
384 314.36 315.455
385 315.97 317.075
386 318.03 318.699
387 319.2 320.328
388 320.91 321.96
389 322.41 323.597
390 324.54 325.238
391 325.81 326.883
392 327.44 328.532
393 329.13 330.186
394 331.15 331.843
395 332.47 333.505
396 334.55 335.171
397 336.1 336.84
398 337.73 338.515
399 339.37 340.193
400 340.8 341.875
401 342.87 343.562
402 344.46 345.252
403 347.58 346.947
404 348.41 348.646
405 349.62 350.349
406 350.93 352.056
407 352.69 353.768
408 354.4 355.483
409 356.55 357.203
410 357.85 358.927
411 359.55 360.655
412 362.82 362.387
413 363.1 364.123
414 365.92 365.864
415 366.51 367.608
416 368.62 369.357
417 370.02 371.11
418 371.79 372.867
419 373.96 374.628
420 375.33 376.393
421 377.06 378.163
422 379.16 379.936
423 381 381.714
424 382.38 383.496
425 384.15 385.282
426 386.39 387.072
427 388.03 388.866
428 389.62 390.665
429 391.73 392.467
430 393.88 394.274
431 395.08 396.085
432 398.32 397.9
433 398.64 399.719
434 400.42 401.543
435 402.27 403.37
436 404.42 405.202
437 406 407.038
438 407.77 408.878
439 410.13 410.722
440 411.59 412.57
441 413.4 414.422
442 415.59 416.279
443 417.05 418.14
444 452.86 420.004
445 430.44 421.873
446 422.62 423.746
447 424.46 425.624
448 426.79 427.505
449 428.32 429.391
450 430 431.28
451 433.28 433.174
452 434.1 435.072
453 436.41 436.974
454 439.21 438.881
455 439.83 440.791
456 442.09 442.706
457 443.6 444.624
458 445.5 446.547
459 447.8 448.474
460 449.34 450.405
461 451.73 452.341
462 453.19 454.28
463 455.11 456.224
464 457.76 458.172
465 459.06 460.124
466 461.01 462.08
467 463.91 464.04
468 465.03 466.004
469 467.31 467.973
470 469.04 469.945
471 470.91 471.922
472 472.9 473.903
473 476.08 475.888
474 476.91 477.877
475 479.37 479.871
476 481.67 481.868
477 482.9 483.87
478 485.26 485.876
479 486.89 487.886
480 488.89 489.9
481 491.26 491.918
482 495.25 493.94
483 496.57 495.967
484 496.94 497.998
485 498.98 500.032
486 501.49 502.071
487 503.06 504.115
488 505.49 506.162
489 507.13 508.213
490 509.6 510.269
491 513.82 512.329
492 513.4 514.392
493 516.94 516.46
494 517.54 518.533
495 519.57 520.609
496 522.96 522.689
497 523.76 524.774
498 526.17 526.863
499 528.03 528.956
500 530.17 531.053
