1 0.27 0.483545
2 0.2 0.508851
3 0.21 0.538324
4 0.25 0.571963
5 0.3 0.609768
6 0.29 0.65174
7 0.37 0.697878
8 0.42 0.748183
9 0.48 0.802654
10 0.54 0.861291
11 0.59 0.924096
12 0.65 0.991066
13 0.86 1.0622
14 0.94 1.13751
15 1.01 1.21698
16 1.11 1.30061
17 1.2 1.38842
18 1.34 1.48039
19 1.41 1.57652
20 1.56 1.67682
21 1.67 1.78129
22 1.76 1.88993
23 1.95 2.00273
24 2.16 2.1197
25 2.14 2.24083
26 2.28 2.36613
27 2.44 2.4956
28 2.91 2.62923
29 2.8 2.76704
30 2.93 2.909
31 2.97 3.05514
32 3.15 3.20544
33 3.3 3.3599
34 3.43 3.51854
35 3.67 3.68133
36 3.8 3.8483
37 3.94 4.01943
38 4.14 4.19473
39 4.32 4.3742
40 4.52 4.55783
41 4.7 4.74563
42 4.88 4.93759
43 5.07 5.13372
44 5.27 5.33402
45 5.47 5.53848
46 5.65 5.74711
47 6.23 5.95991
48 6.11 6.17687
49 6.33 6.398
50 6.55 6.6233
51 6.76 6.85276
52 6.97 7.08639
53 7.43 7.32419
54 7.5 7.56615
55 7.71 7.81228
56 7.99 8.06257
57 8.24 8.31704
58 8.62 8.57566
59 8.72 8.83846
60 9.03 9.10542
61 9.29 9.37655
62 9.7 9.65184
63 9.86 9.9313
64 10.13 10.2149
65 10.37 10.5027
66 10.88 10.7947
67 10.97 11.0908
68 11.3 11.3911
69 11.68 11.6956
70 11.9 12.0042
71 12.23 12.317
72 12.57 12.6339
73 13 12.9551
74 13.18 13.2804
75 13.51 13.6098
76 13.89 13.9434
77 14.15 14.2812
78 14.53 14.6232
79 14.79 14.9693
80 15.24 15.3196
81 15.61 15.6741
82 15.88 16.0327
83 16.31 16.3955
84 16.61 16.7624
85 17.01 17.1335
86 17.43 17.5088
87 17.74 17.8883
88 18.2 18.2719
89 18.52 18.6597
90 18.91 19.0517
91 19.28 19.4478
92 19.72 19.8481
93 20.11 20.2525
94 20.55 20.6611
95 20.94 21.0739
96 21.43 21.4909
97 21.79 21.912
98 22.22 22.3373
99 22.6 22.7667
100 23.06 23.2004
101 23.53 23.6382
102 23.99 24.0801
103 24.34 24.5262
104 24.87 24.9765
105 25.3 25.431
106 25.75 25.8896
107 26.24 26.3524
108 26.73 26.8193
109 27.11 27.2904
110 27.57 27.7657
111 28.21 28.2452
112 28.65 28.7288
113 29.16 29.2166
114 29.57 29.7085
115 30.44 30.2046
116 30.61 30.7049
117 31.04 31.2094
118 31.81 31.718
119 32.07 32.2308
120 32.53 32.7477
121 33.17 33.2688
122 33.65 33.7941
123 34.16 34.3236
124 34.63 34.8572
125 35.18 35.395
126 35.74 35.9369
127 37.45 36.483
128 55.82 37.0333
129 38.66 37.5878
130 38.29 38.1464
131 38.54 38.7091
132 39.74 39.2761
133 39.71 39.8472
134 41.06 40.4225
135 41.08 41.0019
136 41.68 41.5855
137 42.66 42.1733
138 42.71 42.7653
139 43.22 43.3614
140 43.87 43.9617
141 44.38 44.5661
142 44.96 45.1747
143 45.59 45.7875
144 46.15 46.4044
145 47.66 47.0255
146 47.6 47.6508
147 48.57 48.2803
148 49.04 48.9139
149 49.8 49.5517
150 50.23 50.1936
151 50.99 50.8397
152 51.93 51.49
153 52.28 52.1444
154 52.96 52.803
155 53.61 53.4658
156 54.3 54.1328
157 54.95 54.8039
158 55.8 55.4791
159 56.25 56.1586
160 56.93 56.8422
161 57.64 57.53
162 58.28 58.2219
163 59.25 58.918
164 59.7 59.6183
165 60.74 60.3227
166 61.98 61.0313
167 62.95 61.7441
168 62.91 62.461
169 64.91 63.1821
170 65 63.9074
171 65.51 64.6369
172 66.87 65.3705
173 66.57 66.1082
174 67.49 66.8502
175 67.35 67.5963
176 68.4 68.3465
177 69.23 69.101
178 69.59 69.8596
179 70.4 70.6224
180 71.19 71.3893
181 71.97 72.1604
182 72.64 72.9357
183 73.5 73.7151
184 74.27 74.4987
185 75.42 75.2865
186 76.37 76.0784
187 77.6 76.8745
188 77.76 77.6748
189 78.83 78.4792
190 79.72 79.2878
191 80.47 80.1006
192 80.62 80.9175
193 81.42 81.7386
194 82.22 82.5639
195 83.03 83.3933
196 84.41 84.2269
197 84.81 85.0647
198 85.61 85.9066
199 86.46 86.7527
200 87.27 87.603
201 88.06 88.4574
202 88.98 89.316
203 90.28 90.1788
204 90.87 91.0457
205 91.64 91.9168
206 92.48 92.7921
207 93.41 93.6715
208 94.21 94.5551
209 95.13 95.4429
210 95.96 96.3348
211 96.91 97.2309
212 97.83 98.1312
213 98.67 99.0356
214 99.58 99.9442
215 100.49 100.857
216 101.64 101.774
217 102.44 102.695
218 103.34 103.62
219 104.26 104.55
220 105.32 105.483
221 106.15 106.421
222 107.13 107.363
223 108.06 108.309
224 109.03 109.259
225 109.88 110.214
226 110.9 111.172
227 111.79 112.135
228 113.11 113.102
229 113.69 114.073
230 114.92 115.048
231 115.68 116.028
232 116.6 117.011
233 117.69 117.999
234 118.61 118.991
235 119.61 119.987
236 120.62 120.987
237 121.78 121.992
238 122.93 123
239 123.72 124.013
240 124.59 125.03
241 125.77 126.051
242 126.64 127.077
243 127.62 128.106
244 128.72 129.14
245 130.17 130.177
246 130.84 131.219
247 131.77 132.265
248 132.94 133.316
249 134.31 134.37
250 135.09 135.429
251 136.13 136.491
252 137.19 137.558
253 138.35 138.629
254 139.31 139.705
255 140.33 140.784
256 141.38 141.868
257 142.58 142.955
258 143.95 144.047
259 144.8 145.143
260 145.88 146.244
261 146.91 147.348
262 148.1 148.457
263 149.26 149.569
264 150.7 150.686
265 151.44 151.807
266 152.53 152.933
267 154.08 154.062
268 154.91 155.196
269 155.92 156.333
270 157.17 157.475
271 158.26 158.621
272 159.41 159.772
273 160.51 160.926
274 161.97 162.085
275 162.96 163.247
276 163.95 164.414
277 165.32 165.585
278 166.45 166.761
279 168.32 167.94
280 168.73 169.124
281 169.96 170.311
282 171.1 171.503
283 172.54 172.699
284 173.59 173.9
285 174.73 175.104
286 176.11 176.313
287 177.16 177.525
288 178.43 178.742
289 179.58 179.963
290 183.25 181.189
291 182.51 182.418
292 183.25 183.652
293 184.54 184.889
294 185.68 186.131
295 186.9 187.377
296 188.49 188.628
297 189.93 189.882
298 190.73 191.141
299 192.1 192.403
300 193.33 193.67
301 194.67 194.941
302 195.85 196.217
303 197.55 197.496
304 198.28 198.78
305 199.58 200.067
306 201.04 201.359
307 202.25 202.655
308 203.56 203.956
309 204.85 205.26
310 206.21 206.569
311 207.36 207.881
312 208.78 209.198
313 210.21 210.519
314 211.74 211.845
315 214.29 213.174
316 214.94 214.508
317 215.68 215.845
318 217.55 217.187
319 220.3 218.533
320 219.86 219.884
321 221.08 221.238
322 222.93 222.597
323 223.75 223.959
324 226.66 225.326
325 227.79 226.697
326 228.4 228.072
327 229.72 229.452
328 230.37 230.835
329 231.78 232.223
330 234.94 233.615
331 235.78 235.011
332 238.11 236.411
333 239.24 237.816
334 238.73 239.224
335 240.28 240.637
336 241.88 242.054
337 243.86 243.475
338 244.86 244.9
339 246.35 246.33
340 247.46 247.763
341 248.97 249.201
342 250.48 250.643
343 252.1 252.089
344 253.07 253.539
345 254.68 254.994
346 256.97 256.452
347 257.97 257.915
348 260.02 259.382
349 260.59 260.853
350 262.02 262.328
351 266.9 263.808
352 269.18 265.291
353 268.66 266.779
354 268.07 268.271
355 269.54 269.767
356 270.91 271.267
357 272.52 272.772
358 276.63 274.28
359 275.62 275.793
360 276.93 277.31
361 278.34 278.831
362 280.49 280.356
363 281.41 281.885
364 282.95 283.419
365 286.03 284.957
366 286.01 286.499
367 288.11 288.045
368 289.25 289.595
369 290.55 291.149
370 292.16 292.708
371 294.17 294.271
372 295.33 295.838
373 297.01 297.409
374 298.93 298.984
375 300.05 300.563
376 302.04 302.147
377 303.37 303.735
378 305.42 305.326
379 308.1 306.922
380 308.7 308.523
381 309.7 310.127
382 311.3 311.736
383 312.85 313.348
384 314.69 314.965
385 315.97 316.586
386 317.71 318.212
387 319.25 319.841
388 321.06 321.475
389 324.15 323.112
390 324.38 324.754
391 326.63 326.4
392 328.12 328.05
393 329.47 329.705
394 331.02 331.363
395 333.1 333.026
396 334.74 334.693
397 335.83 336.364
398 337.51 338.039
399 339.62 339.719
400 340.79 341.402
401 342.46 343.09
402 344.31 344.782
403 346.2 346.478
404 347.94 348.178
405 349.79 349.883
406 351.58 351.591
407 353.54 353.304
408 355.14 355.021
409 356.63 356.742
410 358.62 358.467
411 359.87 360.196
412 362.06 361.93
413 363.39 363.668
414 365.44 365.41
415 367.19 367.156
416 368.38 368.906
417 370.59 370.66
418 371.87 372.419
419 373.55 374.182
420 375.35 375.948
421 377.33 377.72
422 378.87 379.495
423 380.69 381.274
424 382.83 383.058
425 384.18 384.845
426 386.01 386.637
427 388.24 388.433
428 389.79 390.234
429 391.51 392.038
430 393.29 393.847
431 395.57 395.659
432 416.89 397.476
433 398.9 399.297
434 401.14 401.122
435 402.39 402.952
436 404.24 404.785
437 406.19 406.623
438 407.79 408.465
439 409.93 410.311
440 411.91 412.161
441 413.36 414.016
442 415.31 415.874
443 417.96 417.737
444 418.98 419.604
445 420.8 421.475
446 423.13 423.35
447 424.61 425.229
448 426.53 427.113
449 428.57 429.001
450 431.06 430.893
451 432.24 432.789
452 434.46 434.689
453 436.06 436.593
454 437.84 438.502
455 440.1 440.414
456 441.81 442.331
457 443.8 444.252
458 446.08 446.178
459 447.58 448.107
460 449.61 450.041
461 451.61 451.978
462 453.35 453.92
463 455.38 455.866
464 457.42 457.816
465 459.27 459.771
466 461.42 461.729
467 463.94 463.692
468 466.05 465.659
469 468.98 467.63
470 469.66 469.605
471 471.53 471.585
472 473.53 473.568
473 475.29 475.556
474 476.97 477.548
475 479.33 479.544
476 481.21 481.544
477 483.69 483.548
478 485.51 485.557
479 487.36 487.57
480 489.64 489.586
481 491.38 491.608
482 493.12 493.633
483 495.33 495.662
484 497.15 497.696
485 499.88 499.733
486 501.51 501.775
487 503.45 503.821
488 505.72 505.871
489 507.79 507.926
490 509.72 509.984
491 511.43 512.047
492 513.5 514.114
493 515.75 516.185
494 525.96 518.26
495 521.36 520.34
496 522.23 522.423
497 524.45 524.511
498 526.87 526.603
499 528.66 528.699
500 531.39 530.799
