1 0.17 0.349482
2 0.215 0.402763
3 0.35 0.509873
4 0.495 0.670811
5 0.745 0.885578
6 0.995 1.15417
7 1.38 1.4766
8 1.8 1.85285
9 2.225 2.28294
10 2.71 2.76685
11 3.155 3.30459
12 3.855 3.89616
13 4.365 4.54156
14 5.165 5.24078
15 6.22 5.99384
16 6.72 6.80072
17 7.56 7.66144
18 8.77 8.57598
19 9.805 9.54435
20 10.54 10.5666
21 11.89 11.6426
22 12.79 12.7724
23 14.255 13.9561
24 15.165 15.1936
25 16.495 16.485
26 18.1 17.8302
27 19.21 19.2292
28 20.97 20.682
29 22.225 22.1887
30 23.675 23.7491
31 25.61 25.3635
32 27.285 27.0316
33 28.945 28.7536
34 30.475 30.5294
35 32.445 32.359
36 34.15 34.2425
37 36.2 36.1798
38 38.4 38.1709
39 40.35 40.2158
40 42.26 42.3146
41 45.045 44.4672
42 46.525 46.6737
43 48.71 48.9339
44 51.15 51.248
45 53.74 53.6159
46 56.255 56.0377
47 58.53 58.5133
48 62.095 61.0427
49 63.85 63.6259
50 66.525 66.263
51 69.315 68.9539
52 72.125 71.6986
53 74.785 74.4972
54 77.455 77.3495
55 79.92 80.2557
56 83.26 83.2158
57 85.84 86.2297
58 88.865 89.2973
59 91.94 92.4189
60 95.28 95.5942
61 98.41 98.8234
62 102.065 102.106
63 105.2 105.443
64 108.525 108.834
65 111.92 112.278
66 115.9 115.777
67 120.24 119.329
68 123.54 122.935
69 126.135 126.595
70 129.87 130.308
71 133.82 134.076
72 136.93 137.897
73 141.47 141.772
74 144.97 145.701
75 148.875 149.684
76 152.97 153.721
77 157.6 157.811
78 161.495 161.955
79 165.58 166.153
80 170.265 170.405
81 174.025 174.711
82 177.68 179.071
83 183.355 183.484
84 192.575 187.951
85 193.57 192.472
86 197.105 197.047
87 202.415 201.676
88 207.665 206.359
89 211.545 211.095
90 215.965 215.885
91 219.52 220.729
92 224.405 225.627
93 229.585 230.579
94 235.34 235.584
95 240.57 240.644
96 245.93 245.757
97 248.88 250.924
98 254.895 256.145
99 266.795 261.42
100 265.87 266.748
