1	0.270912	0.270912
2	0.258738	0.258738
3	0.254024	0.254024
4	0.252289	0.252289
5	0.251554	0.251554
6	0.251154	0.251154
7	0.250877	0.250877
8	0.250653	0.250653
9	0.250455	0.250455
10	0.250271	0.250271
11	0.250097	0.250097
12	0.249928	0.249928
13	0.249764	0.249764
14	0.249604	0.249604
15	0.249446	0.249446
16	0.24929	0.24929
17	0.249135	0.249135
18	0.248981	0.248981
19	0.248827	0.248827
20	0.248674	0.248674
21	0.24852	0.24852
22	0.248364	0.248364
23	0.248208	0.248208
24	0.24805	0.24805
25	0.24789	0.24789
26	0.247727	0.247727
27	0.247562	0.247562
28	0.247393	0.247393
29	0.247221	0.247221
30	0.247045	0.247045
31	0.246864	0.246864
32	0.246679	0.246679
33	0.246489	0.246489
34	0.246293	0.246293
35	0.246092	0.246092
36	0.245884	0.245884
37	0.245669	0.245669
38	0.245448	0.245448
39	0.245219	0.245219
40	0.244982	0.244982
41	0.244737	0.244737
42	0.244484	0.244484
43	0.244221	0.244221
44	0.243948	0.243948
45	0.243666	0.243666
46	0.243373	0.243373
47	0.243069	0.243069
48	0.242754	0.242754
49	0.242426	0.242426
50	0.242087	0.242087
51	0.241735	0.241735
52	0.241369	0.241369
53	0.24099	0.24099
54	0.240597	0.240597
55	0.24019	0.24019
56	0.239767	0.239767
57	0.239329	0.239329
58	0.238876	0.238876
59	0.238406	0.238406
60	0.23792	0.23792
61	0.237418	0.237418
62	0.236898	0.236898
63	0.236362	0.236362
64	0.235807	0.235807
65	0.235236	0.235236
66	0.234646	0.234646
67	0.234039	0.234039
68	0.233414	0.233414
69	0.232771	0.232771
70	0.23211	0.23211
71	0.231431	0.231431
72	0.230734	0.230734
73	0.23002	0.23002
74	0.229289	0.229289
75	0.22854	0.22854
76	0.227774	0.227774
77	0.226992	0.226992
78	0.226194	0.226194
79	0.22538	0.22538
80	0.224551	0.224551
81	0.223706	0.223706
82	0.222847	0.222847
83	0.221975	0.221975
84	0.221088	0.221088
85	0.220189	0.220189
86	0.219277	0.219277
87	0.218353	0.218353
88	0.217418	0.217418
89	0.216471	0.216471
90	0.215514	0.215514
91	0.214547	0.214547
92	0.21357	0.21357
93	0.212584	0.212584
94	0.211588	0.211588
95	0.210584	0.210584
96	0.209571	0.209571
97	0.20855	0.20855
98	0.20752	0.20752
99	0.206482	0.206482
100	0.205436	0.205436
101	0.204382	0.204382
102	0.203319	0.203319
103	0.202247	0.202247
104	0.201165	0.201165
105	0.200074	0.200074
106	0.198973	0.198973
107	0.197861	0.197861
108	0.196737	0.196737
109	0.195601	0.195601
110	0.194451	0.194451
111	0.193287	0.193287
112	0.192106	0.192106
113	0.190909	0.190909
114	0.189692	0.189692
115	0.188456	0.188456
116	0.187197	0.187197
117	0.185914	0.185914
118	0.184606	0.184606
119	0.183269	0.183269
120	0.181901	0.181901
121	0.1805	0.1805
122	0.179064	0.179064
123	0.177589	0.177589
124	0.176073	0.176073
125	0.174514	0.174514
126	0.172907	0.172907
127	0.17125	0.17125
128	0.169541	0.169541
129	0.167776	0.167776
130	0.165953	0.165953
131	0.164069	0.164069
132	0.162122	0.162122
133	0.16011	0.16011
134	0.158032	0.158032
135	0.155886	0.155886
136	0.153673	0.153673
137	0.151391	0.151391
138	0.149043	0.149043
139	0.14663	0.14663
140	0.144154	0.144154
141	0.141619	0.141619
142	0.139028	0.139028
143	0.136386	0.136386
144	0.1337	0.1337
145	0.130974	0.130974
146	0.128216	0.128216
147	0.125433	0.125433
148	0.122632	0.122632
149	0.119821	0.119821
150	0.117009	0.117009
151	0.114202	0.114202
152	0.111408	0.111408
153	0.108635	0.108635
154	0.10589	0.10589
155	0.103177	0.103177
156	0.100505	0.100505
157	0.0978768	0.0978768
158	0.0952981	0.0952981
159	0.0927725	0.0927725
160	0.0903034	0.0903034
161	0.0878934	0.0878934
162	0.0855448	0.0855448
163	0.083259	0.083259
164	0.0810372	0.0810372
165	0.0788799	0.0788799
166	0.0767873	0.0767873
167	0.0747593	0.0747593
168	0.0727954	0.0727954
169	0.0708948	0.0708948
170	0.0690566	0.0690566
171	0.0672796	0.0672796
172	0.0655625	0.0655625
173	0.0639037	0.0639037
174	0.0623017	0.0623017
175	0.060755	0.060755
176	0.0592618	0.0592618
177	0.0578203	0.0578203
178	0.056429	0.056429
179	0.0550861	0.0550861
180	0.0537898	0.0537898
181	0.0525385	0.0525385
182	0.0513304	0.0513304
183	0.050164	0.050164
184	0.0490377	0.0490377
185	0.0479499	0.0479499
186	0.0468991	0.0468991
187	0.0458839	0.0458839
188	0.0449027	0.0449027
189	0.0439544	0.0439544
190	0.0430375	0.0430375
191	0.0421509	0.0421509
192	0.0412932	0.0412932
193	0.0404634	0.0404634
194	0.0396602	0.0396602
195	0.0388828	0.0388828
196	0.0381299	0.0381299
197	0.0374007	0.0374007
198	0.0366942	0.0366942
199	0.0360096	0.0360096
200	0.0353458	0.0353458
201	0.0347022	0.0347022
202	0.0340779	0.0340779
203	0.0334722	0.0334722
204	0.0328844	0.0328844
205	0.0323138	0.0323138
206	0.0317597	0.0317597
207	0.0312215	0.0312215
208	0.0306986	0.0306986
209	0.0301904	0.0301904
210	0.0296964	0.0296964
211	0.0292161	0.0292161
212	0.0287489	0.0287489
213	0.0282944	0.0282944
214	0.0278521	0.0278521
215	0.0274216	0.0274216
216	0.0270024	0.0270024
217	0.0265942	0.0265942
218	0.0261966	0.0261966
219	0.0258092	0.0258092
220	0.0254316	0.0254316
221	0.0250635	0.0250635
222	0.0247046	0.0247046
223	0.0243546	0.0243546
224	0.0240132	0.0240132
225	0.0236801	0.0236801
226	0.0233549	0.0233549
227	0.0230376	0.0230376
228	0.0227277	0.0227277
229	0.0224251	0.0224251
230	0.0221295	0.0221295
231	0.0218408	0.0218408
232	0.0215586	0.0215586
233	0.0212828	0.0212828
234	0.0210132	0.0210132
235	0.0207496	0.0207496
236	0.0204917	0.0204917
237	0.0202396	0.0202396
238	0.0199929	0.0199929
239	0.0197514	0.0197514
240	0.0195152	0.0195152
241	0.0192839	0.0192839
242	0.0190574	0.0190574
243	0.0188357	0.0188357
244	0.0186185	0.0186185
245	0.0184058	0.0184058
246	0.0181974	0.0181974
247	0.0179932	0.0179932
248	0.017793	0.017793
249	0.0175968	0.0175968
250	0.0174045	0.0174045
251	0.0172159	0.0172159
252	0.017031	0.017031
253	0.0168496	0.0168496
254	0.0166716	0.0166716
255	0.016497	0.016497
256	0.0163257	0.0163257
257	0.0161575	0.0161575
258	0.0159925	0.0159925
259	0.0158305	0.0158305
260	0.0156714	0.0156714
261	0.0155152	0.0155152
262	0.0153618	0.0153618
263	0.0152111	0.0152111
264	0.0150631	0.0150631
265	0.0149177	0.0149177
266	0.0147748	0.0147748
267	0.0146343	0.0146343
268	0.0144963	0.0144963
269	0.0143606	0.0143606
270	0.0142272	0.0142272
271	0.0140961	0.0140961
272	0.0139671	0.0139671
273	0.0138403	0.0138403
274	0.0137155	0.0137155
275	0.0135928	0.0135928
276	0.0134721	0.0134721
277	0.0133533	0.0133533
278	0.0132364	0.0132364
279	0.0131214	0.0131214
280	0.0130082	0.0130082
281	0.0128967	0.0128967
282	0.012787	0.012787
283	0.012679	0.012679
284	0.0125727	0.0125727
285	0.0124679	0.0124679
286	0.0123648	0.0123648
287	0.0122632	0.0122632
288	0.0121631	0.0121631
289	0.0120645	0.0120645
290	0.0119674	0.0119674
291	0.0118717	0.0118717
292	0.0117774	0.0117774
293	0.0116845	0.0116845
294	0.0115929	0.0115929
295	0.0115026	0.0115026
296	0.0114136	0.0114136
297	0.0113259	0.0113259
298	0.0112394	0.0112394
299	0.0111541	0.0111541
300	0.0110699	0.0110699
301	0.010987	0.010987
302	0.0109052	0.0109052
303	0.0108245	0.0108245
304	0.0107449	0.0107449
305	0.0106664	0.0106664
306	0.0105889	0.0105889
307	0.0105124	0.0105124
308	0.010437	0.010437
309	0.0103626	0.0103626
310	0.0102891	0.0102891
311	0.0102166	0.0102166
312	0.0101451	0.0101451
313	0.0100744	0.0100744
314	0.0100047	0.0100047
315	0.00993582	0.00993582
316	0.00986784	0.00986784
317	0.00980072	0.00980072
318	0.00973444	0.00973444
319	0.00966899	0.00966899
320	0.00960434	0.00960434
321	0.0095405	0.0095405
322	0.00947743	0.00947743
323	0.00941514	0.00941514
324	0.0093536	0.0093536
325	0.0092928	0.0092928
326	0.00923273	0.00923273
327	0.00917338	0.00917338
328	0.00911473	0.00911473
329	0.00905678	0.00905678
330	0.00899951	0.00899951
331	0.0089429	0.0089429
332	0.00888696	0.00888696
333	0.00883166	0.00883166
334	0.008777	0.008777
335	0.00872296	0.00872296
336	0.00866954	0.00866954
337	0.00861673	0.00861673
338	0.00856451	0.00856451
339	0.00851288	0.00851288
340	0.00846183	0.00846183
341	0.00841134	0.00841134
342	0.00836141	0.00836141
343	0.00831203	0.00831203
344	0.00826319	0.00826319
345	0.00821488	0.00821488
346	0.0081671	0.0081671
347	0.00811983	0.00811983
348	0.00807307	0.00807307
349	0.00802681	0.00802681
350	0.00798105	0.00798105
351	0.00793577	0.00793577
352	0.00789096	0.00789096
353	0.00784663	0.00784663
354	0.00780275	0.00780275
355	0.00775934	0.00775934
356	0.00771637	0.00771637
357	0.00767385	0.00767385
358	0.00763176	0.00763176
359	0.0075901	0.0075901
360	0.00754886	0.00754886
361	0.00750805	0.00750805
362	0.00746764	0.00746764
363	0.00742763	0.00742763
364	0.00738803	0.00738803
365	0.00734882	0.00734882
366	0.00731	0.00731
367	0.00727156	0.00727156
368	0.00723349	0.00723349
369	0.0071958	0.0071958
370	0.00715848	0.00715848
371	0.00712151	0.00712151
372	0.0070849	0.0070849
373	0.00704864	0.00704864
374	0.00701273	0.00701273
375	0.00697716	0.00697716
376	0.00694193	0.00694193
377	0.00690703	0.00690703
378	0.00687245	0.00687245
379	0.0068382	0.0068382
380	0.00680427	0.00680427
381	0.00677066	0.00677066
382	0.00673735	0.00673735
383	0.00670435	0.00670435
384	0.00667165	0.00667165
385	0.00663925	0.00663925
386	0.00660714	0.00660714
387	0.00657533	0.00657533
388	0.0065438	0.0065438
389	0.00651255	0.00651255
390	0.00648159	0.00648159
391	0.00645089	0.00645089
392	0.00642047	0.00642047
393	0.00639032	0.00639032
394	0.00636044	0.00636044
395	0.00633081	0.00633081
396	0.00630145	0.00630145
397	0.00627234	0.00627234
398	0.00624348	0.00624348
399	0.00621487	0.00621487
400	0.0061865	0.0061865
401	0.00615838	0.00615838
402	0.0061305	0.0061305
403	0.00610285	0.00610285
404	0.00607544	0.00607544
405	0.00604826	0.00604826
406	0.00602131	0.00602131
407	0.00599458	0.00599458
408	0.00596807	0.00596807
409	0.00594179	0.00594179
410	0.00591572	0.00591572
411	0.00588987	0.00588987
412	0.00586422	0.00586422
413	0.00583879	0.00583879
414	0.00581357	0.00581357
415	0.00578855	0.00578855
416	0.00576373	0.00576373
417	0.00573911	0.00573911
418	0.00571469	0.00571469
419	0.00569047	0.00569047
420	0.00566643	0.00566643
421	0.00564259	0.00564259
422	0.00561894	0.00561894
423	0.00559547	0.00559547
424	0.00557219	0.00557219
425	0.00554909	0.00554909
426	0.00552617	0.00552617
427	0.00550343	0.00550343
428	0.00548086	0.00548086
429	0.00545847	0.00545847
430	0.00543625	0.00543625
431	0.0054142	0.0054142
432	0.00539231	0.00539231
433	0.0053706	0.0053706
434	0.00534905	0.00534905
435	0.00532766	0.00532766
436	0.00530643	0.00530643
437	0.00528537	0.00528537
438	0.00526446	0.00526446
439	0.0052437	0.0052437
440	0.0052231	0.0052231
441	0.00520265	0.00520265
442	0.00518236	0.00518236
443	0.00516221	0.00516221
444	0.00514221	0.00514221
445	0.00512235	0.00512235
446	0.00510264	0.00510264
447	0.00508308	0.00508308
448	0.00506365	0.00506365
449	0.00504436	0.00504436
450	0.00502522	0.00502522
451	0.00500621	0.00500621
452	0.00498733	0.00498733
453	0.00496859	0.00496859
454	0.00494999	0.00494999
455	0.00493151	0.00493151
456	0.00491316	0.00491316
457	0.00489495	0.00489495
458	0.00487686	0.00487686
459	0.00485889	0.00485889
460	0.00484105	0.00484105
461	0.00482334	0.00482334
462	0.00480575	0.00480575
463	0.00478827	0.00478827
464	0.00477092	0.00477092
465	0.00475369	0.00475369
466	0.00473657	0.00473657
467	0.00471958	0.00471958
468	0.00470269	0.00470269
469	0.00468592	0.00468592
470	0.00466927	0.00466927
471	0.00465272	0.00465272
472	0.00463629	0.00463629
473	0.00461996	0.00461996
474	0.00460375	0.00460375
475	0.00458764	0.00458764
476	0.00457164	0.00457164
477	0.00455574	0.00455574
478	0.00453995	0.00453995
479	0.00452426	0.00452426
480	0.00450867	0.00450867
481	0.00449319	0.00449319
482	0.00447781	0.00447781
483	0.00446252	0.00446252
484	0.00444734	0.00444734
485	0.00443225	0.00443225
486	0.00441726	0.00441726
487	0.00440236	0.00440236
488	0.00438756	0.00438756
489	0.00437286	0.00437286
490	0.00435825	0.00435825
491	0.00434373	0.00434373
492	0.0043293	0.0043293
493	0.00431496	0.00431496
494	0.00430071	0.00430071
495	0.00428655	0.00428655
496	0.00427248	0.00427248
497	0.0042585	0.0042585
498	0.0042446	0.0042446
499	0.00423079	0.00423079
500	0.00421707	0.00421707
501	0.00420343	0.00420343
502	0.00418987	0.00418987
503	0.00417639	0.00417639
504	0.004163	0.004163
505	0.00414969	0.00414969
506	0.00413646	0.00413646
507	0.00412331	0.00412331
508	0.00411024	0.00411024
509	0.00409724	0.00409724
510	0.00408433	0.00408433
511	0.00407149	0.00407149
512	0.00405873	0.00405873
513	0.00404604	0.00404604
514	0.00403343	0.00403343
515	0.0040209	0.0040209
516	0.00400844	0.00400844
517	0.00399605	0.00399605
518	0.00398373	0.00398373
519	0.00397149	0.00397149
520	0.00395931	0.00395931
521	0.00394721	0.00394721
522	0.00393518	0.00393518
523	0.00392322	0.00392322
524	0.00391132	0.00391132
525	0.0038995	0.0038995
526	0.00388774	0.00388774
527	0.00387605	0.00387605
528	0.00386443	0.00386443
529	0.00385287	0.00385287
530	0.00384138	0.00384138
531	0.00382995	0.00382995
532	0.00381859	0.00381859
533	0.00380729	0.00380729
534	0.00379606	0.00379606
535	0.00378489	0.00378489
536	0.00377378	0.00377378
537	0.00376273	0.00376273
538	0.00375175	0.00375175
539	0.00374082	0.00374082
540	0.00372996	0.00372996
541	0.00371915	0.00371915
542	0.00370841	0.00370841
543	0.00369772	0.00369772
544	0.0036871	0.0036871
545	0.00367653	0.00367653
546	0.00366601	0.00366601
547	0.00365556	0.00365556
548	0.00364516	0.00364516
549	0.00363482	0.00363482
550	0.00362453	0.00362453
551	0.0036143	0.0036143
552	0.00360413	0.00360413
553	0.00359401	0.00359401
554	0.00358394	0.00358394
555	0.00357392	0.00357392
556	0.00356396	0.00356396
557	0.00355406	0.00355406
558	0.0035442	0.0035442
559	0.0035344	0.0035344
560	0.00352464	0.00352464
561	0.00351494	0.00351494
562	0.00350529	0.00350529
563	0.00349569	0.00349569
564	0.00348614	0.00348614
565	0.00347664	0.00347664
566	0.00346719	0.00346719
567	0.00345779	0.00345779
568	0.00344844	0.00344844
569	0.00343913	0.00343913
570	0.00342988	0.00342988
571	0.00342067	0.00342067
572	0.0034115	0.0034115
573	0.00340239	0.00340239
574	0.00339332	0.00339332
575	0.00338429	0.00338429
576	0.00337531	0.00337531
577	0.00336638	0.00336638
578	0.00335749	0.00335749
579	0.00334865	0.00334865
580	0.00333985	0.00333985
581	0.0033311	0.0033311
582	0.00332239	0.00332239
583	0.00331372	0.00331372
584	0.00330509	0.00330509
585	0.00329651	0.00329651
586	0.00328797	0.00328797
587	0.00327947	0.00327947
588	0.00327102	0.00327102
589	0.0032626	0.0032626
590	0.00325423	0.00325423
591	0.0032459	0.0032459
592	0.00323761	0.00323761
593	0.00322936	0.00322936
594	0.00322115	0.00322115
595	0.00321298	0.00321298
596	0.00320484	0.00320484
597	0.00319675	0.00319675
598	0.0031887	0.0031887
599	0.00318068	0.00318068
600	0.00317271	0.00317271
601	0.00316477	0.00316477
602	0.00315687	0.00315687
603	0.003149	0.003149
604	0.00314118	0.00314118
605	0.00313339	0.00313339
606	0.00312564	0.00312564
607	0.00311792	0.00311792
608	0.00311025	0.00311025
609	0.0031026	0.0031026
610	0.003095	0.003095
611	0.00308742	0.00308742
612	0.00307989	0.00307989
613	0.00307239	0.00307239
614	0.00306492	0.00306492
615	0.00305749	0.00305749
616	0.00305009	0.00305009
617	0.00304273	0.00304273
618	0.0030354	0.0030354
619	0.0030281	0.0030281
620	0.00302084	0.00302084
621	0.00301361	0.00301361
622	0.00300642	0.00300642
623	0.00299926	0.00299926
624	0.00299212	0.00299212
625	0.00298503	0.00298503
626	0.00297796	0.00297796
627	0.00297093	0.00297093
628	0.00296392	0.00296392
629	0.00295695	0.00295695
630	0.00295001	0.00295001
631	0.00294311	0.00294311
632	0.00293623	0.00293623
633	0.00292938	0.00292938
634	0.00292256	0.00292256
635	0.00291578	0.00291578
636	0.00290902	0.00290902
637	0.0029023	0.0029023
638	0.0028956	0.0028956
639	0.00288893	0.00288893
640	0.00288229	0.00288229
641	0.00287569	0.00287569
642	0.00286911	0.00286911
643	0.00286256	0.00286256
644	0.00285603	0.00285603
645	0.00284954	0.00284954
646	0.00284307	0.00284307
647	0.00283664	0.00283664
648	0.00283023	0.00283023
649	0.00282384	0.00282384
650	0.00281749	0.00281749
651	0.00281116	0.00281116
652	0.00280486	0.00280486
653	0.00279859	0.00279859
654	0.00279234	0.00279234
655	0.00278612	0.00278612
656	0.00277993	0.00277993
657	0.00277376	0.00277376
658	0.00276762	0.00276762
659	0.0027615	0.0027615
660	0.00275541	0.00275541
661	0.00274935	0.00274935
662	0.00274331	0.00274331
663	0.0027373	0.0027373
664	0.00273131	0.00273131
665	0.00272535	0.00272535
666	0.00271941	0.00271941
667	0.0027135	0.0027135
668	0.00270761	0.00270761
669	0.00270175	0.00270175
670	0.00269591	0.00269591
671	0.00269009	0.00269009
672	0.0026843	0.0026843
673	0.00267853	0.00267853
674	0.00267279	0.00267279
675	0.00266707	0.00266707
676	0.00266137	0.00266137
677	0.0026557	0.0026557
678	0.00265005	0.00265005
679	0.00264442	0.00264442
680	0.00263882	0.00263882
681	0.00263323	0.00263323
682	0.00262767	0.00262767
683	0.00262214	0.00262214
684	0.00261662	0.00261662
685	0.00261113	0.00261113
686	0.00260566	0.00260566
687	0.00260021	0.00260021
688	0.00259478	0.00259478
689	0.00258938	0.00258938
690	0.00258399	0.00258399
691	0.00257863	0.00257863
692	0.00257329	0.00257329
693	0.00256797	0.00256797
694	0.00256267	0.00256267
695	0.0025574	0.0025574
696	0.00255214	0.00255214
697	0.0025469	0.0025469
698	0.00254169	0.00254169
699	0.00253649	0.00253649
700	0.00253132	0.00253132
701	0.00252616	0.00252616
702	0.00252103	0.00252103
703	0.00251591	0.00251591
704	0.00251082	0.00251082
705	0.00250574	0.00250574
706	0.00250069	0.00250069
707	0.00249565	0.00249565
708	0.00249063	0.00249063
709	0.00248564	0.00248564
710	0.00248066	0.00248066
711	0.0024757	0.0024757
712	0.00247076	0.00247076
713	0.00246584	0.00246584
714	0.00246094	0.00246094
715	0.00245605	0.00245605
716	0.00245119	0.00245119
717	0.00244634	0.00244634
718	0.00244151	0.00244151
719	0.0024367	0.0024367
720	0.00243191	0.00243191
721	0.00242714	0.00242714
722	0.00242238	0.00242238
723	0.00241764	0.00241764
724	0.00241292	0.00241292
725	0.00240822	0.00240822
726	0.00240353	0.00240353
727	0.00239887	0.00239887
728	0.00239422	0.00239422
729	0.00238958	0.00238958
730	0.00238497	0.00238497
731	0.00238037	0.00238037
732	0.00237579	0.00237579
733	0.00237122	0.00237122
734	0.00236667	0.00236667
735	0.00236214	0.00236214
736	0.00235763	0.00235763
737	0.00235313	0.00235313
738	0.00234865	0.00234865
739	0.00234418	0.00234418
740	0.00233973	0.00233973
741	0.0023353	0.0023353
742	0.00233088	0.00233088
743	0.00232648	0.00232648
744	0.0023221	0.0023221
745	0.00231773	0.00231773
746	0.00231337	0.00231337
747	0.00230904	0.00230904
748	0.00230471	0.00230471
749	0.00230041	0.00230041
750	0.00229612	0.00229612
751	0.00229184	0.00229184
752	0.00228758	0.00228758
753	0.00228333	0.00228333
754	0.0022791	0.0022791
755	0.00227489	0.00227489
756	0.00227069	0.00227069
757	0.0022665	0.0022665
758	0.00226233	0.00226233
759	0.00225818	0.00225818
760	0.00225403	0.00225403
761	0.00224991	0.00224991
762	0.0022458	0.0022458
763	0.0022417	0.0022417
764	0.00223761	0.00223761
765	0.00223354	0.00223354
766	0.00222949	0.00222949
767	0.00222545	0.00222545
768	0.00222142	0.00222142
769	0.00221741	0.00221741
770	0.00221341	0.00221341
771	0.00220942	0.00220942
772	0.00220545	0.00220545
773	0.0022015	0.0022015
774	0.00219755	0.00219755
775	0.00219362	0.00219362
776	0.0021897	0.0021897
777	0.0021858	0.0021858
778	0.00218191	0.00218191
779	0.00217803	0.00217803
780	0.00217417	0.00217417
781	0.00217032	0.00217032
782	0.00216648	0.00216648
783	0.00216266	0.00216266
784	0.00215884	0.00215884
785	0.00215504	0.00215504
786	0.00215126	0.00215126
787	0.00214749	0.00214749
788	0.00214373	0.00214373
789	0.00213998	0.00213998
790	0.00213624	0.00213624
791	0.00213252	0.00213252
792	0.00212881	0.00212881
793	0.00212511	0.00212511
794	0.00212143	0.00212143
795	0.00211775	0.00211775
796	0.00211409	0.00211409
797	0.00211044	0.00211044
798	0.0021068	0.0021068
799	0.00210318	0.00210318
800	0.00209957	0.00209957
801	0.00209597	0.00209597
802	0.00209238	0.00209238
803	0.0020888	0.0020888
804	0.00208523	0.00208523
805	0.00208168	0.00208168
806	0.00207814	0.00207814
807	0.00207461	0.00207461
808	0.00207109	0.00207109
809	0.00206758	0.00206758
810	0.00206408	0.00206408
811	0.0020606	0.0020606
812	0.00205713	0.00205713
813	0.00205366	0.00205366
814	0.00205021	0.00205021
815	0.00204677	0.00204677
816	0.00204334	0.00204334
817	0.00203992	0.00203992
818	0.00203652	0.00203652
819	0.00203312	0.00203312
820	0.00202974	0.00202974
821	0.00202636	0.00202636
822	0.002023	0.002023
823	0.00201964	0.00201964
824	0.0020163	0.0020163
825	0.00201297	0.00201297
826	0.00200965	0.00200965
827	0.00200634	0.00200634
828	0.00200304	0.00200304
829	0.00199975	0.00199975
830	0.00199647	0.00199647
831	0.0019932	0.0019932
832	0.00198994	0.00198994
833	0.00198669	0.00198669
834	0.00198346	0.00198346
835	0.00198023	0.00198023
836	0.00197701	0.00197701
837	0.0019738	0.0019738
838	0.0019706	0.0019706
839	0.00196742	0.00196742
840	0.00196424	0.00196424
841	0.00196107	0.00196107
842	0.00195791	0.00195791
843	0.00195476	0.00195476
844	0.00195162	0.00195162
845	0.00194849	0.00194849
846	0.00194537	0.00194537
847	0.00194226	0.00194226
848	0.00193916	0.00193916
849	0.00193607	0.00193607
850	0.00193299	0.00193299
851	0.00192992	0.00192992
852	0.00192686	0.00192686
853	0.0019238	0.0019238
854	0.00192076	0.00192076
855	0.00191772	0.00191772
856	0.0019147	0.0019147
857	0.00191168	0.00191168
858	0.00190868	0.00190868
859	0.00190568	0.00190568
860	0.00190269	0.00190269
861	0.00189971	0.00189971
862	0.00189674	0.00189674
863	0.00189378	0.00189378
864	0.00189082	0.00189082
865	0.00188788	0.00188788
866	0.00188494	0.00188494
867	0.00188201	0.00188201
868	0.0018791	0.0018791
869	0.00187619	0.00187619
870	0.00187329	0.00187329
871	0.00187039	0.00187039
872	0.00186751	0.00186751
873	0.00186464	0.00186464
874	0.00186177	0.00186177
875	0.00185891	0.00185891
876	0.00185606	0.00185606
877	0.00185322	0.00185322
878	0.00185039	0.00185039
879	0.00184756	0.00184756
880	0.00184475	0.00184475
881	0.00184194	0.00184194
882	0.00183914	0.00183914
883	0.00183635	0.00183635
884	0.00183356	0.00183356
885	0.00183079	0.00183079
886	0.00182802	0.00182802
887	0.00182526	0.00182526
888	0.00182251	0.00182251
889	0.00181977	0.00181977
890	0.00181703	0.00181703
891	0.00181431	0.00181431
892	0.00181159	0.00181159
893	0.00180887	0.00180887
894	0.00180617	0.00180617
895	0.00180347	0.00180347
896	0.00180079	0.00180079
897	0.00179811	0.00179811
898	0.00179543	0.00179543
899	0.00179277	0.00179277
900	0.00179011	0.00179011
901	0.00178746	0.00178746
902	0.00178482	0.00178482
903	0.00178218	0.00178218
904	0.00177955	0.00177955
905	0.00177693	0.00177693
906	0.00177432	0.00177432
907	0.00177172	0.00177172
908	0.00176912	0.00176912
909	0.00176653	0.00176653
910	0.00176394	0.00176394
911	0.00176137	0.00176137
912	0.0017588	0.0017588
913	0.00175624	0.00175624
914	0.00175368	0.00175368
915	0.00175114	0.00175114
916	0.0017486	0.0017486
917	0.00174606	0.00174606
918	0.00174354	0.00174354
919	0.00174102	0.00174102
920	0.00173851	0.00173851
921	0.001736	0.001736
922	0.0017335	0.0017335
923	0.00173101	0.00173101
924	0.00172853	0.00172853
925	0.00172605	0.00172605
926	0.00172358	0.00172358
927	0.00172112	0.00172112
928	0.00171866	0.00171866
929	0.00171621	0.00171621
930	0.00171376	0.00171376
931	0.00171133	0.00171133
932	0.0017089	0.0017089
933	0.00170647	0.00170647
934	0.00170406	0.00170406
935	0.00170165	0.00170165
936	0.00169924	0.00169924
937	0.00169685	0.00169685
938	0.00169446	0.00169446
939	0.00169207	0.00169207
940	0.00168969	0.00168969
941	0.00168732	0.00168732
942	0.00168496	0.00168496
943	0.0016826	0.0016826
944	0.00168025	0.00168025
945	0.0016779	0.0016779
946	0.00167556	0.00167556
947	0.00167323	0.00167323
948	0.0016709	0.0016709
949	0.00166858	0.00166858
950	0.00166627	0.00166627
951	0.00166396	0.00166396
952	0.00166166	0.00166166
953	0.00165936	0.00165936
954	0.00165707	0.00165707
955	0.00165479	0.00165479
956	0.00165251	0.00165251
957	0.00165024	0.00165024
958	0.00164797	0.00164797
959	0.00164571	0.00164571
960	0.00164346	0.00164346
961	0.00164121	0.00164121
962	0.00163897	0.00163897
963	0.00163673	0.00163673
964	0.0016345	0.0016345
965	0.00163228	0.00163228
966	0.00163006	0.00163006
967	0.00162784	0.00162784
968	0.00162564	0.00162564
969	0.00162344	0.00162344
970	0.00162124	0.00162124
971	0.00161905	0.00161905
972	0.00161687	0.00161687
973	0.00161469	0.00161469
974	0.00161252	0.00161252
975	0.00161035	0.00161035
976	0.00160819	0.00160819
977	0.00160603	0.00160603
978	0.00160388	0.00160388
979	0.00160174	0.00160174
980	0.0015996	0.0015996
981	0.00159746	0.00159746
982	0.00159534	0.00159534
983	0.00159321	0.00159321
984	0.0015911	0.0015911
985	0.00158898	0.00158898
986	0.00158688	0.00158688
987	0.00158478	0.00158478
988	0.00158268	0.00158268
989	0.00158059	0.00158059
990	0.0015785	0.0015785
991	0.00157643	0.00157643
992	0.00157435	0.00157435
993	0.00157228	0.00157228
994	0.00157022	0.00157022
995	0.00156816	0.00156816
996	0.0015661	0.0015661
997	0.00156406	0.00156406
998	0.00156201	0.00156201
999	0.00155998	0.00155998
1000	0.00155794	0.00155794
