1000 964.45 1190.02
1100 1152.05 1322.2
1200 1355.35 1477.09
1300 1586.55 1654.69
1400 1840 1855
1500 2098.75 2078.02
1600 2375.45 2323.75
1700 2667.15 2592.18
1800 2985.55 2883.33
1900 3300.55 3197.18
2000 3649.85 3533.74
2100 4012.1 3893.01
2200 4392.5 4274.99
2300 4801.2 4679.68
2400 5226.9 5107.08
2500 5687.85 5557.19
2600 6139.15 6030
2700 6616.8 6525.53
2800 7111.1 7043.76
2900 7626.7 7584.7
3000 8169.5 8148.36
3100 8726.1 8734.71
3200 9319.75 9343.78
3300 9942.55 9975.56
3400 10571.5 10630
3500 11233.4 11307.2
3600 11917.2 12007.1
3700 12615.6 12729.8
3800 13349.4 13475.1
3900 14084.4 14243.1
4000 14874.3 15033.9
4100 15666.8 15847.3
4200 16513.5 16683.5
4300 17391.8 17542.3
4400 18298.8 18423.9
4500 19216.5 19328.2
4600 20188.5 20255.2
4700 21347.6 21204.9
4800 22344.2 22177.3
4900 23336.8 23172.4
5000 24558.8 24190.2
