10000 81.18 89.1277
10500 82.31 90.0526
11000 84.05 90.9774
11500 85.525 91.9022
12000 87.16 92.827
12500 88.67 93.7518
13000 90.3 94.6767
13500 91.815 95.6015
14000 93.195 96.5263
14500 94.755 97.4511
15000 96.105 98.376
15500 97.5 99.3008
16000 99.07 100.226
16500 100.295 101.15
17000 101.56 102.075
17500 102.785 103
18000 104.105 103.925
18500 105.22 104.85
19000 106.34 105.775
19500 107.88 106.699
20000 108.535 107.624
20500 109.325 108.549
21000 110.575 109.474
21500 111.34 110.399
22000 112.235 111.323
22500 113.03 112.248
23000 113.95 113.173
23500 114.84 114.098
24000 115.735 115.023
24500 116.575 115.948
25000 117.64 116.872
25500 118.13 117.797
26000 118.95 118.722
26500 119.83 119.647
27000 120.82 120.572
27500 121.525 121.497
28000 122.34 122.421
28500 123.165 123.346
29000 124.42 124.271
29500 124.77 125.196
30000 125.79 126.121
30500 126.545 127.045
31000 127.18 127.97
31500 127.995 128.895
32000 128.965 129.82
32500 129.805 130.745
33000 132.11 131.67
33500 133.325 132.594
34000 133.96 133.519
34500 135.06 134.444
35000 135.825 135.369
35500 136.805 136.294
36000 137.93 137.219
36500 138.9 138.143
37000 139.585 139.068
37500 140.525 139.993
38000 141.67 140.918
38500 142.46 141.843
39000 143.96 142.767
39500 144.85 143.692
40000 146.375 144.617
40500 146.58 145.542
41000 147.22 146.467
41500 148.555 147.392
42000 149.515 148.316
42500 150.39 149.241
43000 151.715 150.166
43500 151.915 151.091
44000 153.52 152.016
44500 154.58 152.941
45000 155.785 153.865
45500 156.85 154.79
46000 156.61 155.715
46500 157.685 156.64
47000 159.87 157.565
47500 160.115 158.489
48000 160.82 159.414
48500 161.915 160.339
49000 162.46 161.264
49500 164.01 162.189
50000 163.535 163.114
50500 165.075 164.038
51000 166.38 164.963
51500 167.54 165.888
52000 168.4 166.813
52500 169.85 167.738
53000 169.78 168.663
53500 170.985 169.587
54000 172.53 170.512
54500 172.465 171.437
55000 174.745 172.362
55500 175.155 173.287
56000 176.78 174.211
56500 176.015 175.136
57000 176.845 176.061
57500 176.99 176.986
58000 179.965 177.911
58500 180.555 178.836
59000 181.105 179.76
59500 181.715 180.685
60000 181.78 181.61
60500 184.135 182.535
61000 183.445 183.46
61500 183.88 184.385
62000 184.12 185.309
62500 186.125 186.234
63000 188.325 187.159
63500 190.1 188.084
64000 190.62 189.009
64500 190.805 189.933
65000 192.14 190.858
65500 192.255 191.783
66000 193.38 192.708
66500 195.335 193.633
67000 198.96 194.558
67500 198.43 195.482
68000 197.825 196.407
68500 198.065 197.332
69000 199.675 198.257
69500 199.135 199.182
70000 203.985 200.107
70500 203.075 201.031
71000 203.98 201.956
71500 203.85 202.881
72000 206.215 203.806
72500 205.38 204.731
73000 207.27 205.655
73500 208.505 206.58
74000 209.05 207.505
74500 210.365 208.43
75000 210.94 209.355
75500 210.825 210.28
76000 213.44 211.204
76500 213.675 212.129
77000 214.545 213.054
77500 216.05 213.979
78000 216.165 214.904
78500 218.065 215.829
79000 218.53 216.753
79500 218.245 217.678
80000 219.23 218.603
80500 220.18 219.528
81000 221.555 220.453
81500 222.52 221.377
82000 223.43 222.302
82500 222.63 223.227
83000 224.175 224.152
83500 224.45 225.077
84000 225.375 226.002
84500 226.005 226.926
85000 227.32 227.851
85500 227.065 228.776
86000 230.475 229.701
86500 229.415 230.626
87000 229.385 231.551
87500 232.07 232.475
88000 231.74 233.4
88500 233.715 234.325
89000 234.235 235.25
89500 234.485 236.175
90000 235.815 237.099
90500 235.17 238.024
91000 236.92 238.949
91500 238.6 239.874
92000 239.14 240.799
92500 239.295 241.724
93000 241.295 242.648
93500 240.645 243.573
94000 244.08 244.498
94500 241.835 245.423
95000 244.085 246.348
95500 244.32 247.273
96000 245.635 248.197
96500 245.465 249.122
97000 246.94 250.047
97500 247.64 250.972
98000 247.395 251.897
98500 249.29 252.821
99000 248.1 253.746
99500 250.85 254.671
100000 251.145 255.596
